0 0.067619 0.337037 0.051621 0.111111
0 0.404863 0.309722 0.037543 0.108333
0 0.110495 0.924074 0.044369 0.088889
0 0.283063 0.924537 0.043942 0.087963
0 0.168089 0.924537 0.043515 0.087963
0 0.225683 0.924537 0.043515 0.087963
0 0.744454 0.920833 0.040102 0.084259
0 0.898038 0.670833 0.019625 0.141667
0 0.226109 0.853241 0.039249 0.058333
0 0.168942 0.848148 0.037543 0.048148
0 0.060367 0.333796 0.033703 0.041667
0 0.931954 0.625926 0.024317 0.051852
0 0.844497 0.631481 0.018345 0.062963
0 0.291809 0.850000 0.024744 0.046296
0 0.867321 0.932870 0.022184 0.047222
0 0.867321 0.855093 0.022184 0.047222
0 0.700299 0.932870 0.021758 0.047222
0 0.674275 0.932870 0.021758 0.047222
0 0.892278 0.932870 0.021758 0.047222
0 0.892278 0.854167 0.021758 0.047222
0 0.687713 0.893981 0.021331 0.047222
0 0.674061 0.855093 0.021331 0.047222
0 0.700299 0.853704 0.021758 0.046296
0 0.106869 0.304167 0.020904 0.045370
0 0.499360 0.856944 0.012372 0.071296
0 0.514718 0.856944 0.012372 0.071296
0 0.157850 0.611111 0.015358 0.057407
0 0.341937 0.928704 0.012372 0.070370
0 0.514718 0.930556 0.012372 0.070370
0 0.499360 0.930556 0.012372 0.070370
0 0.383746 0.928704 0.012372 0.070370
0 0.414889 0.928704 0.012372 0.070370
0 0.457125 0.856944 0.012372 0.069444
0 0.399531 0.856944 0.012372 0.069444
0 0.341937 0.856944 0.012372 0.069444
0 0.755119 0.847685 0.019625 0.043519
0 0.734642 0.847685 0.019625 0.043519
0 0.529863 0.856944 0.011945 0.071296
0 0.441126 0.928704 0.011945 0.070370
0 0.472270 0.928704 0.011945 0.070370
0 0.529863 0.930556 0.011945 0.070370
0 0.232935 0.847222 0.020478 0.040741
0 0.162543 0.559722 0.015358 0.043519
0 0.167235 0.516204 0.014505 0.041667
0 0.273038 0.854630 0.016212 0.037037
0 0.171502 0.474074 0.014505 0.040741
0 0.078072 0.372685 0.030717 0.039815
0 0.399104 0.324537 0.015785 0.036111
0 0.175981 0.431944 0.014078 0.039815
0 0.180247 0.391667 0.014078 0.038889
0 0.188353 0.312500 0.014078 0.037963
0 0.184300 0.351389 0.013652 0.037963
0 0.284130 0.895370 0.017065 0.029630
0 0.111775 0.895370 0.017065 0.029630
0 0.169369 0.895370 0.017065 0.029630
0 0.049061 0.374074 0.013652 0.037037
0 0.925555 0.668056 0.021758 0.023148
0 0.226749 0.895370 0.016638 0.029630
0 0.192406 0.274537 0.013652 0.036111
0 0.629480 0.847685 0.010666 0.045370
0 0.571886 0.847685 0.010666 0.045370
0 0.196032 0.237963 0.013225 0.035185
0 0.845776 0.615278 0.014932 0.030556
0 0.199872 0.201389 0.013225 0.034259
0 0.587244 0.895833 0.009812 0.045370
0 0.571886 0.895833 0.009812 0.045370
0 0.644838 0.895833 0.009812 0.045370
0 0.629480 0.895833 0.009812 0.045370
0 0.587244 0.941667 0.009812 0.044444
0 0.571886 0.941667 0.009812 0.044444
0 0.644838 0.941667 0.009812 0.044444
0 0.629480 0.941667 0.009812 0.044444
0 0.058660 0.375000 0.012372 0.035185
0 0.744454 0.920833 0.011945 0.036111
0 0.071672 0.377778 0.014505 0.029630
0 0.614334 0.895833 0.009386 0.045370
0 0.556741 0.896296 0.009386 0.044444
0 0.556741 0.941667 0.009386 0.044444
0 0.614334 0.941667 0.009386 0.044444
0 0.867108 0.855556 0.014078 0.029630
0 0.867108 0.933333 0.014078 0.029630
0 0.207338 0.132870 0.012799 0.032407
0 0.203498 0.167130 0.012799 0.032407
0 0.700085 0.933333 0.013652 0.029630
0 0.892065 0.933333 0.013652 0.029630
0 0.892065 0.853704 0.013652 0.029630
0 0.673848 0.932870 0.014078 0.028704
0 0.674061 0.855093 0.013652 0.028704
0 0.086177 0.706019 0.011092 0.034259
0 0.687500 0.893981 0.013225 0.028704
0 0.700299 0.854167 0.013225 0.028704
0 0.156783 0.854167 0.011519 0.032407
0 0.754053 0.940741 0.013225 0.027778
0 0.754053 0.900926 0.013225 0.027778
0 0.734428 0.940741 0.013225 0.027778
0 0.734428 0.900926 0.013225 0.027778
0 0.507253 0.427778 0.011945 0.029630
0 0.176621 0.843519 0.011092 0.031481
0 0.754906 0.847685 0.012372 0.026852
0 0.734428 0.847685 0.012372 0.026852
0 0.785410 0.847222 0.012799 0.025926
0 0.802048 0.847222 0.012799 0.025926
0 0.818259 0.894444 0.012799 0.025926
0 0.801621 0.894444 0.012799 0.025926
0 0.784983 0.894444 0.012799 0.025926
0 0.412756 0.323611 0.010666 0.030556
0 0.818473 0.847222 0.012372 0.025926
0 0.802048 0.943056 0.012799 0.025000
0 0.818686 0.943056 0.012799 0.025000
0 0.102602 0.301389 0.009812 0.032407
0 0.785196 0.943056 0.012372 0.025000
0 0.565700 0.424074 0.009386 0.027778
0 0.941766 0.667593 0.010666 0.024074
0 0.556314 0.424074 0.008532 0.027778
0 0.499360 0.473611 0.009812 0.023148