0 0.067833 0.337037 0.051195 0.111111
0 0.770478 0.894444 0.036689 0.151852
0 0.601323 0.500463 0.041382 0.113889
0 0.403797 0.349537 0.039676 0.117593
0 0.104949 0.907870 0.042662 0.093519
0 0.141852 0.907870 0.042235 0.093519
0 0.178968 0.907870 0.042235 0.093519
0 0.250640 0.924074 0.043942 0.088889
0 0.365828 0.924074 0.043942 0.088889
0 0.308234 0.924537 0.043942 0.087963
0 0.423208 0.924537 0.043515 0.087963
0 0.480802 0.924537 0.043515 0.087963
0 0.536476 0.304167 0.050768 0.069444
0 0.654437 0.920833 0.040102 0.084259
0 0.711817 0.920833 0.039676 0.084259
0 0.901024 0.693056 0.021331 0.150926
0 0.423635 0.853241 0.039249 0.058333
0 0.112415 0.570833 0.017491 0.123148
0 0.602389 0.518981 0.038396 0.049074
0 0.501067 0.426389 0.036263 0.049074
0 0.366681 0.848611 0.037116 0.047222
0 0.600683 0.468519 0.037543 0.046296
0 0.446886 0.558796 0.026877 0.062037
0 0.500427 0.558796 0.026451 0.062037
0 0.473549 0.558796 0.026451 0.062037
0 0.402944 0.371296 0.036263 0.044444
0 0.548635 0.297685 0.024744 0.054630
0 0.524104 0.297685 0.024317 0.054630
0 0.482935 0.835648 0.036689 0.034259
0 0.404010 0.326389 0.029863 0.034259
0 0.106869 0.644907 0.018345 0.052778
0 0.833191 0.930556 0.012799 0.070370
0 0.722483 0.848148 0.020051 0.044444
0 0.702005 0.848148 0.020051 0.044444
0 0.157850 0.611111 0.015358 0.057407
0 0.644411 0.847685 0.020051 0.043519
0 0.664889 0.847685 0.020051 0.043519
0 0.582551 0.856481 0.012372 0.070370
0 0.832978 0.856481 0.012372 0.070370
0 0.862415 0.856481 0.012372 0.070370
0 0.862415 0.930556 0.012372 0.070370
0 0.582551 0.930556 0.012372 0.070370
0 0.847910 0.893981 0.012372 0.069444
0 0.597056 0.893981 0.012372 0.069444
0 0.611775 0.856481 0.011945 0.070370
0 0.539676 0.928704 0.011945 0.070370
0 0.611775 0.930556 0.011945 0.070370
0 0.931954 0.634722 0.024317 0.034259
0 0.844497 0.640278 0.018345 0.045370
0 0.539676 0.856944 0.011945 0.069444
0 0.599829 0.467593 0.020478 0.033333
0 0.162543 0.559722 0.015358 0.043519
0 0.473336 0.566204 0.020904 0.030556
0 0.167235 0.516204 0.014505 0.041667
0 0.171502 0.474074 0.014505 0.040741
0 0.175981 0.431944 0.014078 0.039815
0 0.180247 0.391667 0.014078 0.038889
0 0.188353 0.312500 0.014078 0.037963
0 0.548422 0.305556 0.019198 0.027778
0 0.184300 0.351389 0.013652 0.037963
0 0.561007 0.423611 0.017918 0.028704
0 0.251706 0.895370 0.017065 0.029630
0 0.309300 0.895370 0.017065 0.029630
0 0.366894 0.895370 0.017065 0.029630
0 0.424488 0.895370 0.017065 0.029630
0 0.925555 0.668056 0.021758 0.023148
0 0.481869 0.895370 0.016638 0.029630
0 0.192406 0.274537 0.013652 0.036111
0 0.474616 0.868056 0.015785 0.030556
0 0.196032 0.237963 0.013225 0.035185
0 0.199872 0.201389 0.013225 0.034259
0 0.654010 0.920833 0.011945 0.036111
0 0.711604 0.920833 0.011945 0.036111
0 0.207338 0.132870 0.012799 0.032407
0 0.203498 0.167130 0.012799 0.032407
0 0.492747 0.426852 0.013652 0.029630
0 0.524317 0.295370 0.015358 0.025926
0 0.770265 0.930556 0.014078 0.027778
0 0.086177 0.706019 0.011092 0.034259
0 0.770265 0.893056 0.014078 0.026852
0 0.664036 0.900926 0.013225 0.027778
0 0.721630 0.900926 0.013225 0.027778
0 0.701578 0.940741 0.013225 0.027778
0 0.721416 0.940741 0.012799 0.027778
0 0.701792 0.900926 0.012799 0.027778
0 0.644198 0.940741 0.012799 0.027778
0 0.644198 0.900926 0.012799 0.027778
0 0.701578 0.847685 0.013225 0.026852
0 0.722056 0.847685 0.013225 0.026852
0 0.374147 0.843519 0.011092 0.031481
0 0.354309 0.854167 0.010666 0.032407
0 0.664676 0.847685 0.012799 0.026852
0 0.644198 0.847685 0.012799 0.026852
0 0.489548 0.866667 0.013225 0.025926
0 0.761732 0.838889 0.013225 0.025926
0 0.664036 0.941204 0.012372 0.026852
0 0.779010 0.838889 0.012799 0.025926
0 0.779010 0.950000 0.012799 0.025926
0 0.761519 0.950000 0.012799 0.025926
0 0.761519 0.875000 0.012799 0.025926
0 0.778797 0.875000 0.012372 0.025926
0 0.761519 0.912500 0.012799 0.025000
0 0.102602 0.651389 0.009812 0.032407
0 0.778797 0.912500 0.012372 0.025000
0 0.745307 0.583796 0.011945 0.025000
0 0.770265 0.856481 0.010666 0.025926
0 0.941766 0.667593 0.010666 0.024074