0 0.880973 0.895370 0.046928 0.146296
0 0.802901 0.895370 0.046928 0.146296
0 0.500000 0.447685 0.067406 0.093519
0 0.067619 0.337037 0.051621 0.111111
0 0.601109 0.500000 0.041809 0.114815
0 0.403797 0.348611 0.039676 0.119444
0 0.460324 0.564352 0.054608 0.076852
0 0.110495 0.924537 0.043515 0.087963
0 0.168089 0.924537 0.043515 0.087963
0 0.536476 0.304167 0.050768 0.069444
0 0.744454 0.920833 0.040102 0.084259
0 0.515785 0.859259 0.041809 0.066667
0 0.515785 0.932407 0.041809 0.066667
0 0.898038 0.670833 0.019625 0.141667
0 0.457978 0.859259 0.041382 0.066667
0 0.457978 0.932407 0.041382 0.066667
0 0.112415 0.570833 0.017491 0.123148
0 0.602389 0.518981 0.038396 0.049074
0 0.111348 0.848148 0.037543 0.048148
0 0.600683 0.468519 0.037543 0.046296
0 0.446886 0.558796 0.026877 0.062037
0 0.473549 0.558796 0.026451 0.062037
0 0.080205 0.365278 0.026451 0.054630
0 0.548635 0.297685 0.024744 0.054630
0 0.524104 0.297685 0.024317 0.054630
0 0.931954 0.625926 0.024317 0.051852
0 0.052901 0.360648 0.021331 0.056481
0 0.844497 0.631481 0.018345 0.062963
0 0.176834 0.849537 0.024317 0.045370
0 0.700299 0.932870 0.021758 0.047222
0 0.674275 0.932870 0.021758 0.047222
0 0.642705 0.932870 0.021758 0.047222
0 0.616681 0.855093 0.021758 0.047222
0 0.616681 0.932870 0.021758 0.047222
0 0.642705 0.854167 0.021758 0.047222
0 0.687713 0.893981 0.021331 0.047222
0 0.674061 0.855093 0.021331 0.047222
0 0.630119 0.893981 0.021331 0.047222
0 0.700299 0.853704 0.021758 0.046296
0 0.106869 0.644907 0.018345 0.052778
0 0.051834 0.252778 0.020904 0.044444
0 0.226962 0.856944 0.012799 0.069444
0 0.414889 0.856944 0.012372 0.071296
0 0.384172 0.856944 0.012372 0.071296
0 0.157850 0.611111 0.015358 0.057407
0 0.399531 0.856481 0.012372 0.070370
0 0.329991 0.928704 0.012372 0.070370
0 0.414889 0.930556 0.012372 0.070370
0 0.399531 0.930556 0.012372 0.070370
0 0.384172 0.930556 0.012372 0.070370
0 0.210964 0.928704 0.012372 0.070370
0 0.242108 0.928704 0.012372 0.070370
0 0.272398 0.928704 0.012372 0.070370
0 0.329991 0.856944 0.012372 0.069444
0 0.272398 0.856944 0.012372 0.069444
0 0.755119 0.847685 0.019625 0.043519
0 0.734642 0.847685 0.019625 0.043519
0 0.354096 0.928704 0.011945 0.070370
0 0.296502 0.928704 0.011945 0.070370
0 0.354096 0.856944 0.011945 0.069444
0 0.296502 0.856944 0.011945 0.069444
0 0.607722 0.515741 0.017491 0.040741
0 0.162543 0.559722 0.015358 0.043519
0 0.397611 0.368981 0.017065 0.037963
0 0.447312 0.554630 0.019198 0.033333
0 0.473336 0.566204 0.020904 0.030556
0 0.167235 0.516204 0.014505 0.041667
0 0.157850 0.854630 0.016212 0.037037
0 0.171502 0.474074 0.014505 0.040741
0 0.175981 0.431944 0.014078 0.039815
0 0.180247 0.391667 0.014078 0.038889
0 0.188353 0.312500 0.014078 0.037963
0 0.548422 0.305556 0.019198 0.027778
0 0.184300 0.351389 0.013652 0.037963
0 0.111775 0.895370 0.017065 0.029630
0 0.925555 0.668056 0.021758 0.023148
0 0.169155 0.895370 0.016638 0.029630
0 0.192406 0.274537 0.013652 0.036111
0 0.586604 0.896296 0.010239 0.046296
0 0.586604 0.943519 0.010239 0.046296
0 0.196032 0.237963 0.013225 0.035185
0 0.555887 0.849537 0.010239 0.045370
0 0.571246 0.895833 0.010239 0.045370
0 0.586604 0.849537 0.010239 0.045370
0 0.571246 0.943056 0.010239 0.045370
0 0.845776 0.615278 0.014932 0.030556
0 0.571246 0.849074 0.010239 0.044444
0 0.556101 0.943519 0.009812 0.046296
0 0.556101 0.896296 0.009812 0.046296
0 0.199872 0.201389 0.013225 0.034259
0 0.594283 0.514815 0.012799 0.035185
0 0.744454 0.920833 0.011945 0.036111
0 0.413396 0.335648 0.017065 0.025000
0 0.207338 0.132870 0.012799 0.032407
0 0.203498 0.167130 0.012799 0.032407
0 0.642491 0.933333 0.013652 0.029630
0 0.700085 0.933333 0.013652 0.029630
0 0.616468 0.855556 0.013652 0.029630
0 0.642491 0.853704 0.013652 0.029630
0 0.673848 0.932870 0.014078 0.028704
0 0.674061 0.855093 0.013652 0.028704
0 0.629906 0.894444 0.013225 0.029630
0 0.616468 0.932870 0.013652 0.028704
0 0.878626 0.927778 0.012372 0.031481
0 0.086177 0.706019 0.011092 0.034259
0 0.687500 0.893981 0.013225 0.028704
0 0.700299 0.854167 0.013225 0.028704
0 0.507253 0.427778 0.012799 0.029630
0 0.800768 0.927778 0.011945 0.031481
0 0.754053 0.940741 0.013225 0.027778
0 0.754053 0.900926 0.013225 0.027778
0 0.734428 0.940741 0.013225 0.027778
0 0.734428 0.900926 0.013225 0.027778
0 0.099403 0.854167 0.011092 0.032407
0 0.394838 0.325463 0.011519 0.030556
0 0.119027 0.843519 0.011092 0.031481
0 0.869881 0.947685 0.012799 0.026852
0 0.887372 0.910648 0.012799 0.026852
0 0.754906 0.847685 0.012372 0.026852
0 0.734428 0.847685 0.012372 0.026852
0 0.809514 0.947685 0.012372 0.026852
0 0.792022 0.947685 0.012372 0.026852
0 0.887585 0.947685 0.012372 0.026852
0 0.792022 0.910185 0.012372 0.025926
0 0.809514 0.910185 0.012372 0.025926
0 0.870094 0.910185 0.012372 0.025926
0 0.102602 0.651389 0.009812 0.032407
0 0.802261 0.859722 0.012372 0.025000
0 0.817193 0.877315 0.012372 0.025000
0 0.787756 0.842130 0.012372 0.025000
0 0.895265 0.877315 0.012372 0.025000
0 0.880333 0.859722 0.012372 0.025000
0 0.865828 0.842130 0.012372 0.025000
0 0.770691 0.566204 0.011519 0.025000
0 0.556741 0.424074 0.009386 0.027778
0 0.941766 0.667593 0.010666 0.024074
0 0.495947 0.468981 0.034556 0.032407