0 0.880973 0.895370 0.046928 0.146296
0 0.067833 0.337037 0.051195 0.111111
0 0.802901 0.894444 0.036689 0.151852
0 0.110495 0.924074 0.044369 0.088889
0 0.398251 0.924074 0.043942 0.088889
0 0.340657 0.924074 0.043942 0.088889
0 0.225469 0.924537 0.043942 0.087963
0 0.283063 0.924537 0.043942 0.087963
0 0.455205 0.924537 0.043515 0.087963
0 0.168089 0.924537 0.043515 0.087963
0 0.571246 0.924537 0.043515 0.087963
0 0.513225 0.924537 0.043515 0.087963
0 0.744454 0.920833 0.040102 0.084259
0 0.898038 0.670833 0.019625 0.141667
0 0.601749 0.525000 0.040529 0.064815
0 0.404863 0.333796 0.037543 0.062037
0 0.341084 0.853241 0.039676 0.058333
0 0.458191 0.849074 0.034130 0.057407
0 0.548635 0.304167 0.026451 0.069444
0 0.284130 0.848148 0.037543 0.048148
0 0.064206 0.327778 0.035410 0.048148
0 0.403584 0.263889 0.023891 0.055556
0 0.400384 0.835648 0.037116 0.034259
0 0.931954 0.625926 0.024317 0.051852
0 0.844497 0.631481 0.018345 0.062963
0 0.579778 0.850000 0.024744 0.046296
0 0.521971 0.850000 0.024317 0.046296
0 0.798635 0.883333 0.023038 0.048148
0 0.798635 0.921296 0.023038 0.048148
0 0.700299 0.932870 0.021758 0.047222
0 0.674275 0.932870 0.021758 0.047222
0 0.601962 0.516667 0.032423 0.031481
0 0.687713 0.893981 0.021331 0.047222
0 0.674061 0.855093 0.021331 0.047222
0 0.700299 0.853704 0.021758 0.046296
0 0.081698 0.373611 0.023464 0.037963
0 0.348336 0.848148 0.020904 0.042593
0 0.157850 0.611111 0.015358 0.057407
0 0.644838 0.928704 0.012372 0.070370
0 0.629906 0.856944 0.012372 0.069444
0 0.755119 0.847685 0.019625 0.043519
0 0.734642 0.847685 0.019625 0.043519
0 0.613908 0.928704 0.011945 0.070370
0 0.077218 0.362500 0.022184 0.036111
0 0.549915 0.302315 0.018771 0.036111
0 0.162543 0.559722 0.015358 0.043519
0 0.167235 0.516204 0.014505 0.041667
0 0.171502 0.474074 0.014505 0.040741
0 0.560794 0.854630 0.015785 0.037037
0 0.503200 0.854630 0.015785 0.037037
0 0.175981 0.431944 0.014078 0.039815
0 0.180247 0.391667 0.014078 0.038889
0 0.188353 0.312500 0.014078 0.037963
0 0.184300 0.351389 0.013652 0.037963
0 0.111775 0.895370 0.017065 0.029630
0 0.284130 0.895370 0.017065 0.029630
0 0.169369 0.895370 0.017065 0.029630
0 0.399317 0.895370 0.017065 0.029630
0 0.572099 0.895370 0.017065 0.029630
0 0.341724 0.895370 0.017065 0.029630
0 0.514505 0.895370 0.017065 0.029630
0 0.925555 0.668056 0.021758 0.023148
0 0.226749 0.895370 0.016638 0.029630
0 0.456271 0.895370 0.016638 0.029630
0 0.192406 0.274537 0.013652 0.036111
0 0.391852 0.868056 0.015785 0.030556
0 0.196032 0.237963 0.013225 0.035185
0 0.057167 0.379167 0.017065 0.026852
0 0.845776 0.615278 0.014932 0.030556
0 0.199872 0.201389 0.013225 0.034259
0 0.054394 0.335185 0.014932 0.029630
0 0.068686 0.317593 0.017918 0.024074
0 0.744454 0.920833 0.011945 0.036111
0 0.207338 0.132870 0.012799 0.032407
0 0.203498 0.167130 0.012799 0.032407
0 0.700085 0.933333 0.013652 0.029630
0 0.492747 0.426852 0.013652 0.029630
0 0.673848 0.932870 0.014078 0.028704
0 0.674061 0.855093 0.013652 0.028704
0 0.802688 0.930556 0.014078 0.027778
0 0.802688 0.893519 0.014078 0.027778
0 0.878626 0.927778 0.012372 0.031481
0 0.086177 0.706019 0.011092 0.034259
0 0.687500 0.893981 0.013225 0.028704
0 0.700299 0.854167 0.013225 0.028704
0 0.754053 0.940741 0.013225 0.027778
0 0.754053 0.900926 0.013225 0.027778
0 0.734428 0.940741 0.013225 0.027778
0 0.734428 0.900926 0.013225 0.027778
0 0.507679 0.427315 0.012799 0.028704
0 0.271758 0.854167 0.011092 0.032407
0 0.291809 0.843519 0.011092 0.031481
0 0.869881 0.947685 0.012799 0.026852
0 0.887372 0.910648 0.012799 0.026852
0 0.407210 0.866667 0.013225 0.025926
0 0.754906 0.847685 0.012372 0.026852
0 0.734428 0.847685 0.012372 0.026852
0 0.887585 0.947685 0.012372 0.026852
0 0.811433 0.950000 0.012799 0.025926
0 0.811433 0.838889 0.012799 0.025926
0 0.811433 0.875000 0.012799 0.025926
0 0.794369 0.950000 0.012799 0.025926
0 0.794369 0.838889 0.012799 0.025926
0 0.794369 0.875000 0.012799 0.025926
0 0.870094 0.910185 0.012372 0.025926
0 0.811433 0.912500 0.012799 0.025000
0 0.895478 0.877315 0.012799 0.025000
0 0.794369 0.912500 0.012799 0.025000
0 0.880333 0.859722 0.012372 0.025000
0 0.866041 0.842130 0.011945 0.025000
0 0.802901 0.856481 0.011092 0.025926
0 0.941766 0.667593 0.010666 0.024074
0 0.565700 0.423611 0.008532 0.028704
0 0.556314 0.424074 0.008532 0.027778